X_RECT_COEFF = 
{
  35.87810907357909
0.06689802192346406
}
Y_RECT_COEFF = 
{
 114.7241473330415
0.1073851625550049
}
Z_RECT_COEFF = 
{
56.99505613568239
8.000005828114226
}
LINE_RECT_COEFF = 
{
2684
2196
}
SAMPLE_RECT_COEFF = 
{
4092
3348
}
LINE_NUM_COEFF = 
{
-0.0003054409290781958
 5.697582431221995e-06
   -0.3734410694946482
     1.276439658626366
  0.002588110272649713
 -0.008847944419765774
-8.114763909883305e-06
-2.478747633372257e-08
 0.0009990633267655397
 9.454928344686253e-05
 -0.001199600334502171
 9.466632698677813e-07
-3.224090298088039e-06
 0.0001690022009766257
-4.442748687299991e-05
   0.00204913998831624
 6.030098138983843e-05
-9.043517778919726e-12
  7.59473418666598e-06
 1.539621352918824e-06
}
LINE_DEN_COEFF = 
{
                     1
  -0.00692703441448117
-0.0003477063613529785
 5.046122256244234e-05
-0.0004690474819642465
  0.001607555055392673
 4.648115849561346e-05
-2.527436976464126e-06
-2.130895621021978e-05
 2.340540148528317e-06
-5.581960957646301e-07
 2.686913062897125e-10
 1.282685967027414e-11
-1.090083433448984e-06
-2.093800438398175e-06
-5.589946534531991e-08
 7.098526028329055e-06
 1.825867821320975e-14
 1.690372978231463e-07
-8.082161931384502e-06
}
SAMP_NUM_COEFF = 
{
  4.60410461940175e-06
-1.230537851460486e-06
     1.094296619616477
    0.1909201227745627
 -0.001240102003180255
-0.0002154426381224539
  0.002463599871589395
-4.227973861531224e-09
-0.0003650480559826974
 0.0005672204280244841
 4.294858913667099e-05
-0.0001875803444271185
  -3.2662171009612e-05
 0.0001320117088852157
  -0.06390543081215583
 3.292891669559594e-06
   0.01104871369898319
 2.103418437555049e-10
  -0.09606009687558981
  0.003364979930665868
}
SAMP_DEN_COEFF = 
{
                     1
 -0.001142555094588715
-0.0004805530275007186
  0.003171809172044959
 0.0001208781967889649
 1.710012570832475e-05
   -0.0430373623748892
-0.0001713352109717903
  -0.08748173679214233
    0.0176251188495371
 7.008251905471496e-07
  2.24927888120563e-08
-1.371083672187245e-07
 1.193673749746993e-06
-6.901233596678935e-05
-2.466379503407445e-07
-2.853635083255313e-05
 2.391888271539681e-09
 1.312889513815918e-05
 1.572995190102233e-05
}
